2553545
2553581
2553583
2553584
2553586
2553589
2553592
2553595
2553598
2553603
2553607
2553610
2553615
2553618
2553622
2553546
2553631
2553656
2553659
2553663
2553651
2553645
2553642
2553638
2553633
2553665
2553670
2553672
2553674
2553679
2553681
2553684
2553704
2553707
2553710
2553712
2553714
2553716
2553718
2553721
2553725
2553728
2553732
2553735
2553739
2553740
2553743
2553746
2553751
2553527
2553765
2553763
2553761
2553755
2553768
2553770
2553777
2553774
2553773
2553779
2553784
2553782
2553788
2553791
2553794
2553528
2553797
2553800
2553803
2553805
2553807
2553809
2553811
2553812
2553815
2553818
2553547
2553824
2553587
2553529
2553600
2553608
2553613
2553619
2553624
2553628
2553632
2553640
2553648
2553655
2553636
2553660
2553668
2553677
2553682
2553686
2553688
2553689
2553691
2553694
2553696
2553699
2553701
2553705
2553708
2553713
2553720
2553724
2553730
2553736
2553741
2553745
2553750
2553754
2553758
2553762
2553766
2553771
2553775
2553780
2553785
2553790
2553798
2553530
2553804
2553808
2553813
2553817
2553823
2553827
2553831
2553832
2553838
2553839
2553840
2553841
2553582
2553531
2553585
2553590
2553594
2553599
2553602
2553605
2553611
2553616
2553621
2553625
2553627
2553630
2553635
2553637
2553644
2553649
2553653
2553657
2553662
2553666
2553801
2553676
2553680
2553685
2553687
2553579
2553690
2553693
2553695
2553532
2553697
2553698
2553700
2553702
2553703
2553706
2553709
2553711
2553715
2553717
2553719
2553722
2553727
2553753
2553729
2553733
2553737
2553742
2553747
2553748
2553744
2553757
2553544
2553760
2553764
2553588
2553591
2553593
2553596
2553597
2553601
2553604
2553606
2553609
2553612
2553614
2553617
2553620
2553623
2553626
2553629
2553646
2553652
2553650
2553643
2553647
2553654
2553658
2553678
2553661
2553664
2553667
2553669
2553671
2553675
2553673
2553683
2553692
2553723
2553731
2553734
2553738
2553749
2553752
2553756
2553759
2553767
2553769
2553772
2553548
2553533
2553726
2553776
2553778
2553781
2553783
2553786
2553787
2553789
2553792
2553793
2553795
2553796
2553799
2553802
2553806
2553534
2553810
2553816
2553825
2553819
2553820
2553821
2553830
2553833
2553836
2553814
2553822
2553828
2553826
2553834
2553835
2553837
2553829
2553550
2553551
2553553
2553554
2553552
2553555
2553556
2553557
2553559
2553558
2553560
2553561
2553535
