2656437
2656520
2656644
2656646
2656652
2656657
2656662
2656671
2656677
2656682
2656691
2656703
2656439
2656708
2656716
2656518
2656517
2656732
2656737
2656741
2656746
2656749
2656754
2656759
2656765
2656774
2656781
2656788
2656795
2656519
2656804
2656810
2656815
2656818
2656823
2656827
2656831
2656836
2656838
2656848
2656852
2656854
2656858
2656860
2656866
2656868
2656871
2656876
2656697
2656699
2656706
2656709
2656713
2656718
2656721
2656725
2656727
2656730
2656734
2656742
2656739
2656744
2656748
2656753
2656645
2656571
2656647
2656653
2656655
2656659
2656664
2656666
2656670
2656673
2656683
2656687
2656690
2656694
2656758
2656572
2656760
2656768
2656771
2656773
2656778
2656783
2656789
2656791
2656794
2656797
2656800
2656805
2656811
2656573
2656814
2656816
2656819
2656821
2656822
2656825
2656828
2656830
2656832
2656835
2656840
2656842
2656849
2656661
2656717
2656667
2656674
2656678
2656680
2656685
2656689
2656698
2656707
2656712
2656723
2656728
2656701
2656731
2656738
2656750
2656755
2656762
2656766
2656772
2656777
2656782
2656792
2656799
2656803
2656817
2656808
2656812
2656786
2656820
2656834
2656574
2656841
2656851
2656853
2656855
2656856
2656857
2656859
2656861
2656867
2656869
2656870
2656872
2656873
2656874
2656875
2656878
2656880
2656882
2656894
2656884
2656886
2656887
2656888
2656890
2656892
2656898
2656641
2656642
2656643
2656648
2656650
2656654
2656658
2656663
2656668
2656672
2656676
2656681
2656686
2656692
2656695
2656696
2656700
2656702
2656705
2656710
2656714
2656720
2656722
2656726
2656729
2656733
2656736
2656740
2656745
2656752
2656757
2656763
2656767
2656770
2656776
2656780
2656785
2656790
2656796
2656802
2656806
2656809
2656649
2656651
2656656
2656660
2656665
2656669
2656675
2656679
2656684
2656688
2656693
2656704
2656711
2656715
2656719
2656724
2656784
2656743
2656747
2656751
2656761
2656764
2656735
2656769
2656775
2656779
2656787
2656756
2656793
2656798
2656801
2656807
2656612
2656613
2656813
2656881
2656877
2656879
2656824
2656826
2656833
2656883
2656839
2656837
2656847
2656829
2656885
2656850
2656897
2656914
2656895
2656900
2656905
2656906
2656909
2656915
2656917
2656912
2656893
2656902
2656908
2656907
2656910
2656903
2656891
2656889
2656896
2656899
2656901
2656904
2656911
2656913
2656918
2656916
2656920
2656919
2656921
